6 0.06029090909090908 0.6422404371584699 0.12054545454545454 0.5774863387978142
6 0.20163636363636364 0.7921311475409837 0.19010909090909092 0.40218579234972673
6 0.3812 0.8091803278688525 0.1688 0.38169398907103824
6 0.2902909090909091 0.6087978142076502 0.12687272727272728 0.23737704918032784
6 0.5256727272727273 0.7766120218579236 0.1304727272727273 0.44683060109289613
6 0.6168363636363636 0.8490710382513661 0.08905454545454546 0.3017486338797814
6 0.8805818181818181 0.8070491803278689 0.16341818181818182 0.28491803278688527
6 0.782 0.6660109289617486 0.12567272727272727 0.40218579234972673
6 0.575309090909091 0.5541530054644809 0.13185454545454545 0.29617486338797816
6 0.6678909090909091 0.5531147540983606 0.08767272727272728 0.3655737704918033
6 0.31978181818181817 0.44650273224043713 0.22225454545454545 0.1481967213114754
6 0.08596363636363637 0.3363387978142076 0.14621818181818183 0.1128415300546448
6 0.5897090909090908 0.33846994535519126 0.08516363636363637 0.19273224043715848
6 0.7708 0.306120218579235 0.0921090909090909 0.18683060109289618
6 0.8826909090909091 0.46584699453551914 0.11447272727272727 0.35502732240437157